4.5016 1.1002 4.9839 11.1376
4.7066 0.8039 8.5648 7.0166
9.7458 1.5121 3.5058 10.0120
8.2341 7.1168 0.2326 7.7597
5.7379 11.9800 6.5103 8.3660
11.7304 2.4058 6.9587 9.5499
3.4869 0.6680 9.0384 1.8335
10.7670 7.8397 5.6113 0.6943
1.7297 2.6455 7.7453 0.5488
9.2616 8.4087 2.7802 11.0692
10.8198 5.1555 7.2214 7.7017
2.0285 5.0940 1.2615 9.6899
3.0518 7.1243 10.2961 2.2945
10.6765 8.8330 4.3697 6.9545
8.8239 4.3333 9.2096 0.5575
5.8374 4.1450 10.2657 6.0040
0.7917 8.8320 2.5455 6.4857
8.7474 9.5033 4.9517 5.2533
6.4308 4.4871 6.8897 3.4517
8.1987 5.2090 3.1752 4.6991
10.4508 10.6534 0.7545 1.7604
4.1075 7.7198 7.4161 0.8754
4.6223 6.7899 10.5139 2.7394
11.1756 3.0301 5.6304 6.2455
6.5385 2.3633 11.1593 10.3065
9.7032 5.0217 3.6187 9.4767
0.4905 5.8779 11.5972 5.3452
5.7867 4.9051 4.7442 2.7893
9.4138 5.2706 4.4999 10.3619
3.5168 5.2755 1.2676 4.8665
1.8567 3.8769 3.4085 10.8419
1.2421 3.6155 5.8314 7.3654
1.6649 9.5206 5.4884 0.0486
9.3886 11.8080 6.7551 10.7039
1.9143 9.3278 0.8841 3.9499
6.4899 0.3048 3.3292 7.9569
9.2449 6.9014 1.8503 4.4650
11.3865 8.7070 8.5571 5.7138
1.3548 5.2953 11.8225 4.7816
2.4345 0.2174 11.7615 5.0873
5.9536 1.1574 5.1614 10.8619
9.6361 8.0887 2.9156 6.1714
9.9596 8.1969 5.3320 6.6206
6.7861 5.4273 0.5361 10.8528
6.4786 11.5119 8.5192 2.3328
9.9880 7.0881 8.1207 10.0147
6.0765 1.2742 11.4321 4.5028
7.3240 5.8491 7.4548 8.2773
11.9485 10.6248 7.2951 3.5080
8.8650 9.1300 3.7874 1.1009
4.5396 6.8318 4.8029 6.8559
11.9112 3.7385 3.6568 0.5892
7.3852 4.7191 4.4068 5.2896
3.0893 11.6898 0.1199 4.0648
10.9042 4.4895 9.1828 0.9631
9.2962 2.3008 11.3599 0.4924
11.6588 11.3926 4.4438 6.5650
7.1617 2.6715 3.6697 10.0862
3.8365 1.4730 11.8672 5.5362
1.8783 1.5102 1.8872 9.6753
2.4557 8.1004 3.5124 4.6388
11.8044 9.0273 6.4553 7.1856
2.2004 0.1877 6.8929 2.7605
7.2574 4.5294 6.4316 5.9069
1.6413 6.3613 3.3159 1.8378
7.2929 7.5782 5.7655 8.1368
11.6382 1.6633 11.2908 8.0904
0.0731 0.0305 2.3254 9.4852
4.0887 0.1354 7.5954 3.2353
7.1167 8.8471 2.0788 1.8143
7.2630 1.4431 0.4032 8.4407
2.8350 3.4874 1.6478 4.3624
6.3802 11.0326 0.0037 8.4215
9.5779 0.1747 6.1257 5.1471
4.1562 11.2036 10.6636 1.4132
11.0447 1.5105 9.8147 0.1624
2.9756 6.2857 7.9112 7.5108
10.5166 8.2842 0.4166 11.8904
9.4529 0.3081 5.7728 2.2578
7.7105 0.4815 6.3308 4.4228
11.1221 5.7601 0.3893 11.0270
9.4654 4.7788 5.7909 6.8512
6.2536 0.5581 0.8245 10.1469
1.8916 8.8049 6.0718 9.8646
0.0010 3.3278 11.3958 0.7679
1.6972 0.1408 0.1724 8.5422
10.1876 11.1871 0.4750 6.5166
2.7454 4.7438 10.9486 1.9568
1.2140 9.9002 11.3580 10.1163
11.2668 7.9354 9.4039 5.4609
7.0058 11.7583 3.8490 11.2778
6.7798 6.1134 2.7289 8.1599
4.6373 11.3817 6.5852 6.4206
4.8728 0.0727 8.7767 8.2239
11.4872 2.7062 7.0727 7.6149
0.8560 4.8404 11.7762 6.4394
6.3873 4.9495 7.9590 0.9371
0.7912 3.4806 1.5539 3.6883
10.0555 11.9187 9.4091 1.9578
1.8854 7.9975 11.4103 8.4992
9.6427 4.3784 1.8554 1.5319
5.6638 5.9157 8.8955 6.9940
1.1329 3.3003 0.5875 0.6821
5.4773 2.6150 4.5458 11.5462
1.3187 7.4081 11.4379 8.6747
7.2610 5.9868 4.5239 1.1609
0.0708 7.1371 0.1752 6.5831
11.1924 11.4467 2.0664 0.9246
8.3932 3.8321 2.5187 7.0034
1.3142 1.1461 8.4183 3.4269
2.1539 9.7947 11.7946 11.1885
9.3046 10.9362 1.3447 6.9186
3.8391 11.4747 4.9587 0.9769
2.0774 9.9376 6.3793 5.1441
11.3759 5.5918 6.8289 0.9430
9.1634 6.1602 2.4837 3.8098
8.0663 7.7111 3.8027 2.8045
11.1125 4.2023 6.3116 10.7981
7.8623 10.3849 1.8991 8.3237
3.0422 11.8448 0.5005 1.0227
9.1565 7.1187 3.1870 3.4749
6.0705 1.1306 11.9653 11.0997
10.4853 4.8839 6.7214 5.8064
11.9165 1.1553 2.5526 3.3726
11.0718 9.7947 11.6764 11.8525
11.8782 2.0204 11.6812 10.5281
10.8939 11.9092 3.6387 11.2967
10.1238 1.3828 7.4826 0.5181
8.8355 6.6014 9.9500 1.9015
9.0270 1.4933 4.6159 8.5989
7.6904 7.8967 0.9586 8.0085
0.2489 5.9401 4.4707 0.7041
1.8399 11.6696 3.3815 1.1289
1.8123 8.4090 0.6212 9.0504
0.6780 5.4778 11.6613 6.4907
11.0406 8.6381 4.8317 3.3800
4.9709 8.3052 10.4783 8.1927
10.6341 0.8759 11.1335 6.1992
1.8622 6.1794 5.1121 6.3195
0.1304 4.9368 2.0795 11.7282
10.7283 1.9899 2.6389 0.8950
1.2980 8.8943 2.5528 2.7309
1.7136 7.9812 7.5390 5.1504
7.3274 4.4313 10.7164 1.1082
9.1688 7.4429 8.3922 0.5355
4.7609 6.0058 5.8589 0.5104
5.5934 11.6875 1.0765 3.8417
3.4766 1.3979 11.2322 10.2274
10.4549 4.2923 11.2316 9.2081
3.4887 11.9217 0.5752 3.6933
7.1513 5.2513 2.6678 6.1866
10.3467 8.7303 3.2544 11.8363
8.1286 6.4574 0.0457 5.1490
3.3767 8.5639 2.9680 2.3321
7.1279 7.3774 3.5317 9.1265
1.7865 6.8211 10.4656 8.5000
6.0263 3.6220 11.1376 7.2673
8.5990 6.8818 11.2758 10.7712
4.0348 8.9379 11.3123 4.8426
1.2053 8.3901 9.4842 9.0672
9.3272 9.8962 11.4446 11.8527
3.6382 5.9411 10.1164 6.5343
4.6315 10.0456 4.8071 2.0885
7.8640 0.9637 11.2587 9.2192
1.3751 8.6606 6.1227 10.5417
4.5159 3.0846 11.7037 6.4308
10.6332 1.8326 11.3419 8.2038
11.0380 1.7235 11.9280 11.7038
1.0466 10.5584 8.4675 4.9950
10.3657 9.2509 11.6668 8.5827
8.2003 5.3441 8.3814 4.1277
2.3266 4.2761 7.9421 8.6333
6.7648 10.1592 10.5028 11.3539
2.5688 9.3364 6.3607 5.3561
4.0169 1.1596 6.3604 1.2407
7.6648 1.1559 11.1599 10.0959
7.9948 9.5521 8.0797 11.0342
3.0710 7.4013 0.3505 4.3839
2.1614 8.8742 11.9795 3.8853
8.8296 10.0915 4.9311 2.1787
3.4486 0.1820 5.6050 11.8814
8.1481 0.9375 5.3276 0.9312
10.2836 6.8423 1.1951 9.4914
0.8879 4.4858 0.1309 5.8542
9.9078 4.0018 7.5501 0.7569
11.8966 10.5590 8.1640 4.9905
6.5678 6.9527 5.6203 4.9601
6.8402 7.2827 6.5717 9.3731
8.5138 11.2191 0.0561 1.8709
11.5934 2.2113 0.5934 11.7327
5.6702 11.0814 7.2905 7.2518
2.0815 7.0580 11.5476 2.3653
10.1045 11.6100 7.0086 2.9682
4.1166 4.1527 0.6207 3.2156
8.1692 6.8982 9.3665 2.6346
3.7962 0.9914 4.0904 11.3246
9.0001 1.4020 6.7545 10.7088
9.2867 4.7169 2.2889 2.1656
10.7331 9.3363 2.8070 1.4764
8.7829 7.6858 3.6703 1.2814
2.5783 5.9816 2.1230 7.3387
6.1388 10.2038 4.5101 11.2393
10.8045 4.9189 2.0204 7.6856
8.6177 1.0251 6.7580 8.4502
8.7372 8.3797 0.2500 1.4447
3.4560 7.2648 9.9642 1.8863
8.0666 3.3308 3.7612 3.4676
4.4513 9.8648 0.7789 5.2816
11.7966 7.4409 2.4258 9.2785
8.4092 8.7598 3.9441 3.6833
2.0228 6.5599 10.6249 8.0821
4.5196 2.3548 1.7023 0.2296
1.8502 4.9891 6.1145 1.5770
4.8409 3.3783 8.7307 6.0165
1.2528 2.0359 0.0990 8.1087
4.6701 8.8518 7.8134 2.4719
8.2503 2.4961 1.9573 11.9120
2.1331 2.7523 11.6707 5.0416
10.9215 8.6396 11.1486 1.7314
6.8537 4.1705 8.5904 2.8951
4.5027 7.1716 3.5176 7.8170
2.2861 10.4502 0.9820 2.9039
8.7914 8.3326 6.3397 9.6758
9.7210 5.2866 2.4664 2.6699
5.0908 1.8607 3.4360 8.8322
2.2763 10.4208 9.8557 1.0068
2.2343 11.9309 3.2314 10.8094
3.1467 2.8959 6.8026 6.8520
7.1957 11.3371 3.9331 1.4839
5.4382 3.8262 7.1717 6.1891
7.6032 6.0482 2.7759 10.0552
4.1074 5.8184 2.1891 0.2034
5.5238 7.9881 3.0163 2.0097
0.5085 1.8167 10.1934 7.8845
7.7386 6.1945 10.3642 1.1956
4.2357 2.3220 6.1478 8.9651
10.0536 5.1836 0.0207 11.9332
8.9005 11.8878 3.6377 9.6022
9.2584 10.4112 8.2290 3.3359
7.1091 2.0669 9.8151 10.3093
2.8038 5.4360 11.0862 3.3967
6.7108 9.7882 10.0774 3.3040
1.6221 3.8999 0.3808 4.4313
7.6667 8.3058 3.9238 4.1883
1.1145 11.7191 11.8899 1.8616
7.5585 11.8208 7.1265 2.1064
2.2975 7.5802 2.5845 11.5091
11.1239 9.1234 1.7791 10.7468
5.1714 0.5749 2.1221 5.8223
0.8336 7.5327 1.3960 1.1101
8.7189 7.6590 9.8220 1.3961
10.5795 2.0732 7.1533 8.3006
1.5580 5.0580 3.1206 2.4266
6.3604 9.0367 1.0525 5.6865
5.1509 1.8021 5.3589 0.6782
7.2333 0.0297 3.4998 2.4684
8.0981 3.1548 9.4353 10.4184
3.2850 7.2344 6.8291 10.2555
5.3543 1.8101 1.3010 10.8926
11.1543 0.0034 8.3868 7.6334
7.6919 0.2400 6.6989 0.0036
11.8083 10.1886 11.2184 4.6491
6.9436 1.5036 11.3094 3.0696
6.0575 10.5023 2.1129 7.2607
7.4416 8.5808 0.8110 10.5149
3.8169 5.9201 6.7605 2.7676
1.2909 6.4281 7.1106 4.6912
3.9531 6.8979 4.3251 6.6593
0.7089 0.6831 10.4867 7.2409
3.5527 8.5989 10.9006 8.9893
5.0757 0.9356 9.9193 9.4251
0.5396 6.7315 3.0670 1.0109
0.5710 8.9972 2.7394 4.4553
3.6891 3.1202 9.2159 4.6431
9.4389 10.2424 7.7658 1.3997
8.9798 6.8346 6.4320 9.4465
6.3650 1.2597 5.2534 5.9278
1.3825 6.7760 2.4764 1.7582
5.0756 5.0808 8.2731 8.1077
11.6582 0.6429 4.3319 4.0743
2.4907 10.2283 7.8683 11.9719
1.7252 7.1591 8.0083 6.5523
8.6474 6.8113 0.3919 2.7250
1.1678 8.2008 11.5008 5.2445
1.9826 9.8295 8.5992 3.1330
4.9828 3.6983 0.8344 1.2385
9.4760 5.7933 1.9297 6.1558
9.7536 9.0497 9.1141 8.4515
9.6197 7.4530 9.2858 8.9935
2.1543 3.5822 1.3468 5.2128
5.2053 10.8731 6.6384 6.3409
2.9971 11.1218 0.8293 6.1270
9.2211 6.2879 11.6989 6.5154
8.5446 4.5536 3.0025 3.5390
5.2360 9.8842 9.6139 3.1352
3.8477 0.8341 11.8479 8.8487
6.7961 0.1861 5.0707 7.9834
5.8764 11.7806 9.9063 7.3357
8.5164 10.5716 1.6891 10.9341
7.5584 11.6850 9.1790 6.4215
3.9405 11.3101 11.2680 8.5828
6.1447 3.1139 7.5522 10.6533
7.0447 6.2634 2.3417 6.6607
0.0525 6.3429 7.3754 7.3199
5.2188 6.3307 5.5318 6.0591
1.8485 10.9245 0.2482 9.1122
2.4263 11.5790 3.2579 5.7129
3.6474 0.0532 11.0268 1.8976
0.4500 1.7951 7.7064 4.6031
5.2508 4.2761 4.3560 11.6237
6.2581 4.2021 2.8200 3.1772
2.4769 10.8733 10.5382 11.5072
6.7928 1.1709 10.4642 9.8219
11.3918 1.7288 1.8412 9.5098
2.3429 3.6661 11.2880 1.5386
5.1544 3.0048 2.2753 10.6417
0.4767 5.2407 8.8417 0.6390
3.7025 0.3777 7.2792 3.5781
6.7857 7.5347 3.6175 8.9771
4.8145 6.6224 7.6798 8.6963
7.2140 9.4974 8.5689 8.8057
11.3789 4.3893 3.4539 2.6309
8.8625 0.6364 5.2528 10.4236
0.0531 1.7539 3.0950 10.4031
6.5861 7.7190 8.7737 0.4034
0.3853 5.5772 9.3331 10.1710
3.6542 1.1425 11.1228 5.0836
8.8560 7.9735 1.3034 10.8218
7.6009 6.7892 9.1993 11.1134
11.3979 3.8934 9.2477 4.3462
11.4774 5.2666 7.1293 8.7203
5.8671 0.5165 4.7426 1.5172
3.1074 1.0070 3.8972 3.8679
8.4623 5.6846 7.1637 8.0874
7.7284 3.7309 5.3159 0.7484
10.7510 7.4740 7.9411 6.5899
5.5096 6.0084 7.1863 5.3144
9.3350 3.6137 5.4016 6.5492
10.3415 3.3226 5.7038 4.2933
1.9085 10.9101 1.0165 7.3010
5.4207 9.7510 7.5405 6.0255
0.6676 6.0138 8.7940 11.6046
11.2844 5.3538 10.2880 6.6294
3.1062 4.8084 4.6693 1.0255
1.5347 11.1667 10.3434 6.1754
6.4128 9.4868 2.9089 1.7099
5.8580 11.0447 11.6199 8.7109
10.3958 5.1990 5.3127 8.2101
10.5728 5.2213 7.1751 7.7727
7.8578 3.4387 6.3846 9.8024
6.1833 11.4276 7.0955 5.2358
7.2271 10.2535 5.4602 11.1282
8.0149 8.0218 9.5799 2.7027
8.0371 2.2261 5.7543 1.7793
8.1794 11.2820 10.7520 10.3032
7.6965 8.4377 5.9087 3.5486
6.0732 8.8180 3.6770 4.8664
0.1667 5.5546 0.0431 10.8594
8.4652 2.2471 1.1384 9.1751
4.1726 5.6564 8.0417 1.3464
9.0496 1.2011 7.3436 9.1191
9.0668 10.5473 4.9925 3.1387
11.6962 4.1876 2.6776 8.2912
9.7856 10.4567 6.4789 10.7652
8.0843 6.2612 8.3679 4.1490
11.8786 6.6559 9.7886 11.6436
11.7117 3.1307 6.0431 3.5511
10.1891 2.6191 8.9821 9.1601
2.5508 0.7345 10.9019 8.6429
2.2418 10.2253 4.6524 4.4915
6.2439 6.8283 4.7430 4.9377
6.8302 3.5591 9.9438 11.8724
3.1012 7.8680 9.6447 6.7314
8.5456 1.0897 9.3289 9.8193
10.3702 3.7818 5.7733 3.0959
8.5525 10.1751 4.7994 8.8393
11.8375 0.3093 9.1470 1.9509
8.8996 3.7568 0.8175 10.6221
3.4141 11.3066 9.6571 3.1060
7.0251 5.2823 10.6688 6.7119
8.5825 10.4232 4.3218 8.0960
10.1305 11.6567 11.4398 8.5832
1.1211 5.2718 9.8024 2.6515
4.1838 6.3872 5.3400 1.2100
5.7720 11.1929 5.0823 0.2164
3.4646 1.1030 9.0069 8.1333
8.9169 3.1327 6.1845 7.9294
7.0693 7.0586 5.4054 11.0421
3.7374 10.2335 10.2412 6.0614
9.4378 3.5143 1.3381 4.0477
10.7802 7.3586 4.4488 10.1056
1.1900 1.6542 11.6612 3.3259
6.0091 11.6433 11.8482 10.0075
11.2404 8.8672 5.7275 9.9167
8.1011 1.0850 8.5260 0.5365
3.5232 2.8728 9.1068 0.4112
4.6516 8.1466 2.2466 8.1310
4.8803 9.8905 1.8804 4.5223
11.0539 9.1545 7.7557 7.8423
9.8620 3.2722 10.5036 4.5015
7.8192 3.9052 8.9373 0.4258
1.7167 10.4718 1.7581 6.4042
2.0437 0.1259 2.6591 5.7603
8.9413 0.2142 9.2459 11.3323
3.2613 2.3211 2.6345 10.4977
0.8510 5.7171 4.6908 1.4146
3.6586 4.0866 10.4900 5.9728
8.9367 7.9577 3.0586 11.6582
0.5767 11.0982 7.8863 1.1100
6.2787 1.0325 10.0037 5.3292
6.8839 9.2877 4.3437 7.6021
11.8817 0.4320 0.2430 8.6868
10.5772 10.6789 1.5118 5.6401
6.5431 1.0630 11.9732 7.7917
10.6187 4.6842 3.6338 4.0840
9.0529 11.5220 8.4573 10.5177
11.8722 8.5988 8.8580 8.1865
11.8415 0.3916 2.1635 11.1602
3.6635 2.5612 1.3366 9.7780
6.7105 6.6525 2.6529 1.7056
6.7943 7.4871 4.2970 8.1144
3.2314 7.3650 2.1738 0.1204
7.3517 0.0217 4.2814 10.8416
1.3821 3.6957 7.4261 4.2225
1.6297 2.0898 8.1960 10.3684
3.0297 10.1971 5.9450 11.1335
10.5927 0.3517 11.6832 8.8067
6.4622 3.1072 7.3459 9.3830
10.9096 2.9188 2.9239 6.7695
1.0994 5.2454 1.5441 10.6183
10.8021 3.9587 10.3538 0.5121
3.7741 11.7314 11.8448 1.8033
5.7236 3.9179 2.0400 11.8852
10.9004 3.2282 7.7275 4.1176
7.3779 2.7929 3.2604 5.2661
1.6991 1.4720 9.0366 9.7629
4.2614 4.1473 7.2983 8.5790
4.9158 11.9247 9.9966 5.2156
0.0448 1.6670 9.4852 7.1159
8.1148 9.8572 1.7731 5.3693
10.4264 6.1907 7.7695 0.2877
11.3375 8.1684 9.8233 2.6329
6.5175 8.2897 10.5761 11.1418
6.2799 10.3578 8.9287 0.0592
11.9591 5.2101 0.2986 7.1011
6.4669 4.1941 10.5446 4.4370
3.1513 5.7495 2.5351 2.1031
3.6353 10.8733 3.5536 0.7278
8.3270 3.5313 3.0922 4.1936
3.5434 11.6439 1.3032 7.7300
4.0406 11.8145 8.0142 11.7278
11.3446 5.7493 2.0297 2.3415
5.1097 7.1334 3.7805 7.2304
4.6123 4.6285 0.6031 10.7320
10.5070 0.9367 7.6304 9.9591
1.5872 0.6049 9.9149 3.3581
5.1119 11.5202 6.8787 7.2159
5.5904 3.7361 0.7275 7.9064
5.6493 9.8484 9.1819 1.7477
5.4562 6.3466 2.2850 9.1222
2.3352 11.4497 11.8155 1.5019
7.5737 4.3824 11.3975 9.1741
2.8442 8.8259 9.3692 5.1876
3.9668 3.6482 9.3164 1.3365
0.8229 3.0012 9.8247 5.3920
0.4816 0.3013 6.1160 9.0748
7.5899 6.7278 5.8095 1.6590
6.6941 2.3289 7.6678 5.0088
6.0999 5.7766 3.8865 7.9189
11.7646 9.3033 9.0125 1.6554
10.7250 4.0738 3.3405 3.4585
3.3694 1.8421 11.4840 6.5734
7.2851 2.7090 11.8103 1.8688
5.8327 0.7083 10.1965 6.3070
10.2858 4.2028 5.7483 7.3918
2.6306 4.9367 2.2012 1.9889
2.5247 4.3360 5.8903 4.8598
9.0141 8.5707 11.4829 0.0040
0.1293 6.3773 5.6261 10.0965
11.4675 5.1666 11.1137 10.2767
9.1737 9.1778 6.9914 10.7012
5.5136 10.2805 3.0423 9.9516
0.0399 5.4782 1.0726 11.9173
4.2540 6.8928 2.4927 2.5541
11.5623 9.3285 0.3524 2.1744
5.8370 8.8149 5.4158 1.4936
2.0857 11.4123 11.3586 5.6089
5.8903 4.0313 11.5553 7.4517
6.0934 6.8280 4.8993 11.8423
1.3357 2.6660 0.5148 10.0493
6.4178 6.9225 10.9769 7.2584
4.8971 8.8249 2.4238 10.9378
7.2952 11.5921 2.7213 6.4176
6.9514 5.8913 9.3847 9.1878
7.0936 0.0810 3.8839 2.9925
1.4602 4.7005 8.7006 6.7410
1.9155 7.5607 2.9986 6.0148
8.7272 6.7799 0.2682 5.5628
9.1311 5.7094 0.7218 0.5337
11.9400 10.7424 5.7713 4.0693
9.7384 2.8230 2.3267 1.6579
3.3740 5.6529 0.7995 3.9992
4.9936 1.3291 1.0508 1.6810
7.6189 5.5438 3.9062 9.4443
6.8212 1.5518 7.2167 3.1986
4.3807 5.2343 6.2078 6.8265
7.3811 6.2737 9.4239 0.3339
11.9655 3.9896 3.2204 0.0811
10.6348 3.2332 6.9844 10.7481
0.4917 1.6224 10.3373 6.4655
4.7882 3.0287 7.5872 7.3544
7.4700 10.4825 4.7558 8.1808
1.8526 10.1421 9.6811 3.8830
2.1688 7.4196 11.3963 10.1667
0.8554 7.1851 1.1915 6.9824
7.2103 5.2445 10.7009 10.8073
10.2128 6.3609 2.1220 8.6331
3.9257 10.1608 0.4863 1.1820
7.0624 11.8188 11.2980 8.5292
1.2896 3.9397 0.8504 9.6940
4.3981 7.5812 6.3209 5.8954
6.9395 2.0695 7.6044 3.2350
1.5119 2.5704 4.0185 9.2840
3.7179 10.8405 7.4926 2.7868
6.5548 3.4208 10.4064 1.9360
8.2023 11.9147 3.6917 10.7651
4.7562 6.2375 5.3216 6.9580
2.0321 11.3642 2.5847 5.2617
7.6441 9.1321 6.2349 0.4204
1.4663 3.9500 3.1207 1.1605
1.8910 10.8574 8.5904 7.0328
9.2332 9.9916 5.9195 2.4292
11.7050 10.0849 4.3466 6.1708
7.4711 3.9065 1.5457 0.4911
6.0938 9.0053 9.9895 7.6769
5.2746 0.6477 6.3791 5.9373
10.0435 3.3111 6.3329 7.6326
7.9415 10.3712 4.2978 9.2222
4.2261 1.3826 9.2335 4.3775
1.5498 0.5633 1.3875 11.5612
6.7792 0.8252 11.9600 0.3646
5.0213 1.3926 8.6578 8.6415
5.4076 11.8629 3.9523 10.6417
6.4812 5.3754 7.5104 7.2085
1.3585 2.0249 2.1548 1.9065
7.3225 8.4941 7.5030 1.4673
10.4828 10.3686 3.3129 5.4932
4.7285 1.7312 10.8459 4.9441
2.1303 2.4384 10.1419 4.4051
11.7023 2.2473 2.0291 5.9670
8.5077 7.1241 9.1880 5.6917
4.2762 8.4350 10.8067 3.3057
7.5690 2.4834 10.6665 10.3032
7.9017 0.5349 8.4202 3.1025
2.1210 6.6614 4.2384 7.2878
0.7342 8.0487 6.8211 7.3722
9.3841 6.4247 2.0379 3.6729
0.7139 11.3591 1.7023 1.4399
0.5489 9.1506 6.5550 11.0448
9.9325 7.0044 6.9516 2.3569
1.9357 7.1090 7.0751 8.7752
9.7643 5.4820 7.4708 6.1895
7.1243 3.4660 1.7556 2.2272
6.4659 11.5660 4.3527 11.3765
6.5683 8.6993 4.1967 6.4900
10.7576 11.6690 7.4476 11.3682
9.3202 6.0219 9.7692 3.5361
1.7106 7.7146 8.3167 0.0050
6.5495 9.4853 4.6487 8.3754
4.8960 3.0433 11.0365 8.6648
8.2125 1.4905 2.0469 10.9747
11.3617 3.8270 8.3801 4.5332
1.4001 8.2589 6.3377 7.7905
5.9942 0.7309 6.0017 1.8142
6.4132 3.6970 6.7575 0.9740
6.4714 9.3566 7.8848 8.1804
6.0958 0.3228 0.5326 8.8565
0.6740 9.3790 9.7896 6.1306
1.4846 2.6568 4.6863 5.9056
2.8554 7.7515 2.8053 4.0361
4.9361 3.9997 7.9490 3.0954
2.2680 0.4154 4.6467 7.3496
5.5003 0.3715 7.9761 3.6334
3.8415 2.9049 4.6412 10.6265
4.4379 6.9527 2.1959 5.8957
4.6180 7.5736 6.8536 7.7126
9.1606 11.8479 5.0579 6.3248
10.2541 9.0463 10.5287 2.1840
11.3752 10.3648 2.6895 9.8413
5.2423 9.5767 1.7663 3.7828
0.8795 2.6272 3.5162 8.9492
5.6963 4.1004 7.1416 8.6024
8.3759 3.9869 2.0303 5.7445
7.6044 9.1050 10.7956 6.7776
4.8409 9.2336 3.8069 1.9483
1.4979 2.3219 0.6718 0.2335
7.7024 11.9131 11.2982 0.0724
5.4103 7.1121 4.0721 4.7894
5.1228 3.6413 7.3328 0.9998
1.9848 7.1355 11.0716 2.5609
0.8551 10.0126 5.1692 8.9403
7.9428 10.5216 5.0346 8.1539
8.6584 0.1836 8.3443 6.5239
2.3951 4.0670 10.1256 1.1461
5.6526 11.3046 1.3117 11.2808
4.8502 0.7195 11.6604 11.3720
10.6280 0.5722 5.8214 3.7986
4.4118 9.8546 6.2536 10.2266
10.8689 0.4439 1.0913 9.1022
6.1660 6.4099 5.6865 9.2153
5.6183 8.7962 4.1348 4.5097
5.2251 1.8379 4.1478 10.6605
2.0340 6.0426 5.4117 4.8742
7.8044 4.0283 10.6164 4.6279
11.6747 9.9646 9.9893 11.2407
2.6791 0.5474 9.1995 1.4594
4.5214 10.8274 9.9824 3.1955
6.5034 6.0218 11.2752 6.2988
3.5724 10.7455 10.3009 5.5406
9.7641 2.4069 10.6919 5.9695
8.7485 6.4433 2.7686 3.3524
4.9387 11.5177 2.7865 5.0503
3.6783 10.1413 6.0733 4.0767
0.6595 11.1002 9.3486 2.9769
9.4603 0.8045 5.2804 9.3990
1.8702 5.8395 9.4471 4.6985
1.8467 6.9267 9.6010 5.3859
2.5899 3.0177 8.6668 2.4326
1.0582 3.4700 3.3465 2.4123
4.5564 6.7174 8.7140 9.8313
3.5680 4.4240 8.7564 1.1741
5.8368 5.7255 2.0978 2.8450
3.4408 11.7449 6.4955 9.0418
6.5978 5.8264 3.0726 9.9663
10.9911 9.7305 6.8221 7.2820
1.3100 2.2359 2.8124 9.5825
9.2210 3.6557 10.1995 10.8840
1.9538 11.6290 0.9276 11.4101
1.9163 4.4913 1.2173 9.1048
2.2691 5.3500 5.0498 6.1315
1.7945 0.1551 8.0206 3.1951
7.2048 11.1636 4.6558 5.4346
11.1425 4.8241 6.6222 2.4725
10.1183 2.3676 2.2880 0.6580
6.9990 5.6289 7.0295 6.2489
10.2424 7.6234 11.2285 0.9921
2.7663 10.1447 10.5467 9.0334
1.4979 11.3029 3.8874 0.7828
10.4978 1.9480 7.8056 0.6493
8.0113 7.3702 2.1807 10.4542
9.0909 8.5459 1.5259 9.4779
5.9982 11.9396 6.5268 5.7905
3.7848 5.5130 5.7206 9.4627
6.7043 9.1005 2.8269 1.1984
3.5677 7.4736 8.2426 1.0571
5.7986 5.1128 10.0306 2.1127
9.8314 8.8679 8.4957 6.1444
10.9432 4.8829 7.3389 3.2025
11.7252 1.2920 9.4179 7.7280
2.8027 8.9224 4.6265 7.8935
3.1458 9.5417 5.4571 3.1200
1.5922 1.8791 4.9508 5.4239
6.6379 2.3956 0.6457 3.3357
3.8092 0.8391 11.6522 0.2508
6.4584 8.4868 5.8987 3.4526
7.2625 6.1664 11.6017 7.5680
10.0256 8.1161 9.7157 0.3317
3.4633 1.2206 10.3572 7.1845
11.6557 9.3662 5.9447 6.6605
2.8703 8.7889 6.6975 2.5539
1.2651 9.2047 7.0943 6.9960
10.6313 4.8516 2.5666 6.2854
11.7781 8.6681 1.0454 1.2074
4.8255 10.9061 5.6159 8.0785
10.0908 6.2690 5.2437 2.1242
6.9546 11.3606 8.5404 3.8817
6.9745 10.9463 6.1970 5.1980
2.2544 7.0647 10.5002 11.1004
0.2994 6.4425 9.3071 11.1422
9.5162 5.1392 2.4037 2.9819
0.1278 1.6845 2.4866 2.7963
9.1043 9.9799 1.8189 1.1604
5.4087 8.0837 11.1231 4.7620
11.5170 1.4884 8.0526 1.6972
7.4292 2.8790 3.7879 3.7774
11.4723 8.8356 6.9815 7.6477
0.0950 6.0071 7.2015 0.3639
7.1566 5.3280 1.0796 0.1173
0.8139 8.7268 6.6129 11.3780
11.4190 3.5178 10.1419 6.0808
9.5535 6.7739 2.5509 6.5050
6.9281 2.9939 1.4195 6.8344
5.0154 6.4720 9.6197 10.4470
2.2126 7.5380 7.8115 10.0828
4.6946 4.0906 8.4099 10.3624
3.6199 1.5065 3.3967 8.3979
5.4864 3.4102 1.4740 7.7143
7.9962 11.9478 11.1458 3.0384
4.5954 10.5288 6.1942 11.5324
2.6849 8.9753 3.6335 0.7549
5.2455 9.2732 3.8642 10.1056
5.9542 5.7286 10.9029 7.4725
7.8652 5.0806 8.5659 5.0778
6.8517 9.9446 11.6755 3.1101
7.8834 9.3285 3.3210 1.3796
1.3331 4.2307 1.3321 5.1734
4.7768 4.8566 10.7588 4.9401
5.7859 6.9721 3.3649 3.2161
0.4513 10.4253 4.9472 6.1055
9.1560 8.0970 8.0445 7.9853
11.7465 7.9460 3.0790 6.2882
11.8582 3.0245 9.6198 1.4863
6.5742 7.3061 0.2403 1.8153
9.0821 4.4234 8.9252 2.8294
7.9697 5.0027 10.8169 9.4699
2.2050 10.9044 4.0608 8.4637
7.6787 3.3896 7.8855 11.7498
11.7342 0.9979 1.6472 9.4103
4.0852 11.3370 1.9075 8.5157
8.6417 2.2658 5.1529 8.3172
4.9929 9.7081 8.9299 11.7698
11.1044 3.5251 2.7004 11.9674
8.6133 0.5966 11.7893 10.3844
3.9578 6.9686 5.0586 6.8067
0.7775 0.9466 1.3694 5.4793
10.7827 2.2882 9.6519 5.9951
5.0128 10.0279 5.0130 5.2786
0.2212 1.9786 8.6534 1.6837
1.3664 8.5265 2.3920 1.2480
3.4950 8.3098 10.2811 7.3713
2.6122 5.1134 6.2526 2.8826
8.3479 2.1634 0.1614 10.7447
11.5463 9.4470 11.2350 4.6414
5.8497 8.6240 0.9433 11.2946
11.8521 0.5928 9.1257 5.2334
6.8124 8.3723 2.0544 4.2650
9.4410 3.7343 9.0418 11.3349
1.8344 5.4414 8.9251 8.0015
11.6703 1.0710 10.0656 7.8635
10.7048 5.2516 3.9677 10.0068
6.0861 2.7413 2.4024 11.7909
8.7303 2.0479 3.1200 8.8323
2.0702 6.8522 5.0782 1.9803
4.0923 6.5975 4.6875 6.8568
8.1792 10.4827 11.5688 8.0779
7.1505 8.0112 1.6165 0.8937
2.3566 8.7356 11.2418 4.7708
7.6415 4.9218 8.4555 2.8423
4.1305 9.4375 8.2840 1.2269
5.4569 7.6746 1.4866 5.6013
0.1197 11.7983 7.4120 0.1832
8.5115 11.8586 6.2466 7.5115
2.1387 5.0521 10.0166 5.8721
2.4655 4.4741 5.5736 2.0058
11.7893 7.6795 9.9819 6.0520
1.8927 10.5458 8.8033 1.0298
7.3053 7.9439 10.2357 2.2492
6.6562 2.4485 11.6405 8.0729
10.9606 3.7095 6.2804 6.8612
2.8077 10.2499 1.9909 9.9370
6.7328 8.0777 2.7646 7.9680
0.6792 4.0961 5.0203 2.2412
3.0584 11.5958 10.4214 6.1828
8.8246 5.7808 7.1313 2.5442
0.0395 0.4327 1.6680 1.0642
4.3614 3.9845 0.7254 9.3300
10.5757 10.8224 2.9908 10.5055
9.9514 7.4462 3.1689 11.6805
0.1061 11.3890 5.9832 0.5933
6.7068 8.1519 4.1159 9.2458
8.5844 5.9437 9.8119 4.8804
5.0481 0.6797 11.7970 2.8166
0.5258 1.2526 6.2769 5.0834
6.3550 1.0136 6.8780 0.1715
2.3476 1.1358 7.2706 3.1843
9.1294 8.7493 4.3203 10.6678
9.8246 5.6633 10.0671 0.2006
11.0943 5.8297 9.5710 10.5561
2.7235 0.4499 1.7383 9.5083
11.2399 6.0332 1.1141 3.0412
1.3238 9.8981 11.6441 9.7516
0.1884 1.7011 0.1279 1.1002
0.6095 0.1729 10.6837 6.0867
5.0911 9.3200 10.1694 1.8388
8.9166 4.3626 8.0471 7.4292
10.1292 10.3092 3.2008 1.7159
0.7529 4.2078 5.0571 4.0219
8.9968 10.4827 2.6250 9.0973
8.6885 7.2144 2.4074 9.1729
11.0501 2.7096 11.8999 8.6991
6.9777 4.3305 1.0637 8.1599
1.1195 8.6053 4.4071 9.0805
5.0398 6.3654 6.5533 10.5947
2.2028 11.3031 1.3770 8.3846
8.9091 9.7837 6.0183 11.2350
5.3818 7.7475 5.9228 4.2765
4.2805 2.0335 5.2942 1.9173
7.0356 1.1385 0.1117 0.4050
1.2368 8.8703 9.7865 10.7103
5.0982 1.8105 8.1249 3.4560
4.5163 10.1544 1.7373 1.6188
2.2521 11.1929 9.6558 9.6128
4.0474 3.1191 7.7695 2.1907
4.9770 11.7645 1.5010 6.1172
9.0174 8.7726 6.7948 9.2224
4.2360 0.5437 1.3126 0.7877
11.4497 1.6737 4.7333 2.0765
11.8374 4.4573 2.8909 2.8009
7.1899 9.6123 11.1706 10.1052
11.5230 9.6823 8.6057 1.9072
5.6776 2.3654 9.4422 10.0919
11.7344 0.4880 11.7007 4.4540
0.6131 3.5840 3.0695 2.9826
8.8186 8.1364 7.4822 4.5283
6.9237 11.4402 0.7905 7.2271
8.8457 9.4508 1.6775 1.7102
6.9174 8.4010 3.5123 3.8503
11.6730 11.6560 9.7964 5.7988
0.8528 11.7343 10.1621 0.8480
5.7628 10.8263 2.0305 9.2329
7.2545 1.0744 11.7186 3.7542
0.2541 10.4234 9.2521 0.4454
6.2446 8.8709 8.6830 2.9961
0.6609 6.8135 7.2087 7.8879
4.6785 9.8463 6.3885 4.3310
1.4042 0.4764 9.3696 4.5647
8.7138 0.9383 7.2332 7.7447
11.6198 4.8711 5.4976 1.4252
2.9725 10.7379 9.3183 1.5109
2.1525 3.7766 8.3130 7.8092
4.1047 9.4545 1.9242 8.6311
7.8626 5.1633 10.9606 4.2526
0.0256 0.5240 1.3530 0.6845
5.4279 3.8059 11.6570 0.9720
3.0956 8.2999 7.7137 6.7692
0.0565 5.3275 6.8077 0.1562
6.8217 6.6037 10.0114 1.3652
7.1942 8.9334 1.7531 0.5466
6.0576 11.3913 5.5139 4.3686
5.7684 7.1391 10.1294 9.5715
11.1383 1.1093 2.0353 4.4969
10.0058 10.9747 8.4371 8.8639
2.3945 10.0687 6.1386 8.0144
4.2519 3.5290 7.5356 11.3657
10.8867 3.4930 11.8882 6.7900
9.3316 7.8547 3.5110 3.4083
3.0343 3.6991 9.2774 11.6732
7.5365 7.7205 10.0260 1.6444
1.4595 3.2977 7.8082 3.4780
8.7722 2.0505 9.9787 2.7209
6.8269 1.9860 11.3081 9.4011
2.4400 3.5194 8.9294 8.4666
9.1543 10.6082 3.4238 2.3996
7.9014 2.8523 2.5708 8.8465
7.2012 4.3862 11.0784 2.9341
5.6259 9.2132 7.8993 8.7412
1.5409 4.0095 7.8170 2.6365
10.0208 11.5832 6.0892 6.6101
7.8981 11.2391 10.0702 2.3077
7.2996 7.9554 10.6020 2.7597
6.5148 8.8121 6.7511 9.7941
4.9107 2.5957 9.5433 6.1792
11.4307 10.9550 11.4709 7.3140
7.8832 3.7226 1.7218 0.4289
6.9327 1.5947 6.4657 3.3569
0.8872 7.5651 3.0319 1.6941
3.0143 11.5012 10.4825 11.3830
6.5921 4.7340 4.4519 7.1419
6.3632 6.8265 7.2530 7.7241
0.0835 1.0609 7.7702 5.6346
5.4874 2.4352 10.2151 1.5076
6.9291 2.3180 0.5308 3.0278
2.1312 5.6015 0.0952 1.7874
4.3360 6.8264 7.5263 9.1792
6.7187 7.9684 0.5822 0.0181
10.7086 3.7203 4.8924 2.2593
5.7661 5.2776 10.9851 2.2974
1.7593 1.9586 9.1194 5.4772
10.2704 5.0160 0.9647 11.1747
1.6657 11.3600 2.7738 8.7413
3.2794 4.3948 10.0326 2.2384
1.6519 2.5546 5.7770 6.7344
10.9001 5.1566 7.6112 5.2395
6.1026 10.8000 11.4435 5.0481
11.7905 5.7860 10.6736 8.3296
11.3629 4.9157 8.8906 10.9215
5.3092 10.6982 10.6641 4.0397
3.0100 2.4246 6.6248 1.7883
7.8093 7.6037 6.1798 10.8504
2.4739 6.1466 6.5052 7.7331
0.5646 7.7267 10.6420 2.8469
8.9706 0.7908 7.5890 6.9433
1.8462 11.9967 6.6597 2.8369
5.0774 7.0738 9.6410 7.4829
5.5208 5.9504 2.3807 0.2887
2.9953 4.7065 11.7592 3.6645
11.1080 0.8077 8.3538 7.7024
9.4751 7.7913 8.3794 7.2578
9.8296 10.6534 3.0583 5.7902
7.7761 8.1241 8.8709 5.5117
11.2998 10.8811 9.2714 2.9047
4.2979 10.4066 1.3190 4.8654
9.2995 2.5342 0.1857 8.7755
7.0781 4.6675 1.0162 11.8299
6.7649 1.6848 11.5886 4.6702
11.0724 10.8432 6.0157 0.1392
7.7039 3.1133 0.2435 9.1871
3.1210 10.2845 11.0558 9.4573
10.4769 5.2245 6.2187 11.7833
5.7642 1.3577 1.9796 1.3563
8.5654 2.6725 8.3450 0.8260
6.3449 11.3251 9.5141 0.3560
9.4059 5.5586 9.6689 11.9770
6.7448 8.9028 10.5052 5.6857
2.5421 7.8922 5.9886 10.4897
2.0534 1.0218 1.8570 3.9568
4.0708 3.5299 4.8753 11.5156
2.9159 0.8661 8.3457 11.6256
10.0668 7.7069 3.8846 5.0077
0.4281 1.8217 10.5966 8.8598
5.2229 5.6418 9.6412 0.0529
1.1144 0.0234 10.2249 5.1976
0.1157 4.6274 8.2227 2.2253
3.5286 1.0368 7.7303 1.3964
1.9786 1.2256 0.8033 8.2705
2.1701 9.1057 4.4935 2.7836
9.1034 1.9090 7.3446 10.8402
6.7711 7.3108 10.4794 11.9491
1.6325 10.9788 1.9966 9.2590
4.8614 8.1358 11.0948 3.5321
0.1007 1.7713 7.5919 1.8460
10.5292 0.6106 1.6110 0.7721
3.5882 4.2867 0.4283 3.7257
11.6147 11.9234 1.7155 10.5277
6.0152 1.0233 9.4219 0.2393
8.6231 9.4292 4.2657 3.1585
10.3853 4.0559 2.3447 10.3378
4.0100 1.3765 5.9847 1.6557
1.5866 3.0163 11.8315 4.8346
0.9480 2.9950 9.0122 10.9333
4.1925 7.7436 4.9620 9.0344
9.9123 11.7142 0.4096 1.3299
5.2078 11.5267 2.3791 5.7364
3.4054 6.1270 0.6367 2.7047
8.2617 3.2511 10.1875 6.6188
1.6131 11.7713 4.1762 9.5559
1.8963 2.8497 11.4561 3.8545
9.5849 8.3157 4.8711 1.5210
5.4298 0.8093 3.3543 5.0689
5.4864 3.2000 3.0894 2.5881
6.0885 11.4022 9.8222 6.3675
4.1661 10.5400 2.8221 3.9475
10.9129 0.1691 2.0387 4.4339
7.8942 5.1114 5.6953 0.9020
5.8930 3.8291 5.8377 0.0962
4.8748 5.8814 1.3133 9.6505
11.7049 5.9597 2.8240 0.8675
7.5436 10.6483 10.5356 9.5960
10.4960 6.3804 1.6436 10.1957
2.8382 11.0976 10.7831 4.3061
10.7777 7.2163 8.4397 5.6551
0.4929 6.7060 4.9193 2.5713
8.1773 11.3208 4.5125 6.6962
2.9106 2.9935 5.5608 6.9480
0.5402 4.0833 5.8090 2.4027
11.8882 0.5396 5.9921 10.6511
2.6737 4.3004 4.9649 3.5195
11.2465 5.0587 10.7338 2.9080
7.0475 11.4791 4.4818 5.2362
10.1418 1.4321 9.0013 4.2370
2.5673 10.1228 10.5171 0.3427
7.8013 8.7814 4.7892 3.9645
5.7087 6.6340 2.5142 6.3793
9.4909 7.3719 6.4711 6.9393
5.5805 6.8283 11.4719 5.8433
8.2909 6.6593 1.0030 9.1323
2.0000 6.9955 2.6054 10.1190
8.0839 7.0304 7.2639 7.2924
2.6520 5.2028 10.9139 9.3683
4.3681 1.1903 6.5408 2.0438
3.4535 0.1641 4.8836 6.8968
6.2399 9.7995 6.6664 11.3053
4.0498 6.7065 0.6655 4.9663
5.9481 1.0574 5.5632 0.3070
9.0812 4.3737 9.1998 11.8632
11.1950 4.0772 6.1559 4.5968
8.0138 3.5627 3.6415 3.5347
3.6809 11.8272 6.3108 11.7660
2.1117 11.2537 5.3774 2.5318
8.1775 8.0899 5.6469 8.9795
11.2039 5.5277 7.6149 7.3793
7.8588 4.9540 7.8277 11.6311
0.8835 6.4462 1.4219 10.8773
11.3120 2.8200 7.2259 4.1293
5.9251 0.8866 7.6096 10.3273
4.6502 5.0463 2.9094 1.5005
2.8837 9.9409 4.7480 7.1645
9.2465 2.6391 8.8646 6.5730
0.9413 11.0030 8.7626 6.6847
2.7468 7.1860 8.3684 10.8238
